"","time","seas1","seas2","seas3","seas4","seas5","seas6"
"1",0,0.419444444444444,0.419444444444444,0.0791666666666667,0.00138888888888889,0.00138888888888889,0.0791666666666667
"2",1,0.378671690056915,0.454714208516298,0.105654074126789,0.00266985597998117,0.000666974121552195,0.0576231971984649
"3",2,0.334467983997624,0.482583332192493,0.137185623113234,0.00481154643066772,0.000289344661316381,0.0406621696046649
"4",3,0.2889020384732,0.50150046370255,0.173520740951981,0.00821422579079788,0.000111802811362335,0.0277507282701087
"5",4,0.243889808747349,0.510392564324166,0.214029498446208,0.0133760084713945,4.75332339784326e-05,0.0182645867769036
"6",5,0.201079781289173,0.508750593956644,0.257678793367834,0.0208782052793879,5.85343932179425e-05,0.011554091713744
"7",6,0.161773093455394,0.496668754649092,0.303053365482984,0.0313567383387846,0.000151694202078156,0.0069963538716675
"8",7,0.126878484706496,0.474837292083424,0.348411643111362,0.0454596233982709,0.000379509874201259,0.00403344682624657
"9",8,0.0969020793567717,0.444488855012131,0.391776421219536,0.0637905195252509,0.000845451980096932,0.00219667290621434
"10",9,0.0719720007981848,0.407298412751015,0.431060370947959,0.0868383462464289,0.00171397268498809,0.00111689657142415
"11",10,0.0518974753274473,0.365237300511197,0.464225810787419,0.114893310005514,0.00322502793186842,0.000521075436553739
"12",11,0.0362545297695044,0.320394552248414,0.489465579726884,0.147957235744872,0.00571010564336372,0.000217996866962191
"13",12,0.0244740600168751,0.274805892497194,0.505364640905172,0.185672426491662,0.00960053217837892,8.24479107176271e-05
"14",13,0.0159175010332542,0.230315002942574,0.511017800013774,0.227283820400071,0.0154224305857808,4.34450245458616e-05
"15",14,0.00993857155262866,0.188469608343925,0.506100993836263,0.271635972018367,0.0237777490289268,7.71052198895286e-05
"16",15,0.00593108616482907,0.150452393992686,0.49089613674249,0.317204865089878,0.0353113565966283,0.000204161413488957
"17",16,0.0033628347875155,0.117046754704023,0.466269525137549,0.362164556887879,0.0506642065005491,0.000492121982484778
"18",17,0.00179552952459845,0.0886373753423896,0.433603799865543,0.404488654084388,0.0704125666590386,0.00106207452404226
"19",18,0.000890820376605071,0.0652456390340428,0.394683472979727,0.442086613741274,0.0949933215143649,0.00210013235398678
"20",19,0.000402835912605166,0.0465986657787637,0.35153601435861,0.472972873944099,0.124616542371086,0.00387306763483612
"21",20,0.000162360490998147,0.0322185635441262,0.306250861362458,0.495446450884267,0.159178744172223,0.00674301954592824
"22",21,6.20345138211261e-05,0.0215072523200747,0.260817417400575,0.508239936519071,0.198201468235474,0.0111718910109845
"23",22,4.60211493736354e-05,0.0138178221174765,0.216997104436607,0.510622831782434,0.240804229965796,0.0177119905483129
"24",23,0.000104317181678498,0.00851195855703291,0.176230246687879,0.502458438090296,0.285712297897983,0.0269827415851314
"25",24,0.000271708064464442,0.00500343584462504,0.139577785858647,0.484214306800789,0.331299304273148,0.0396334591583264
"26",25,0.00063136717967044,0.00278767713309493,0.107697827907268,0.456926246629194,0.375664687149127,0.0562921940016456
"27",26,0.00132309930047179,0.00145738227046107,0.0808570213472699,0.422115889017682,0.416745964044789,0.0775006440193263
"28",27,0.00255621156574607,0.000704239627650691,0.0589767232630101,0.381661884492063,0.452465764086033,0.103635176965497
"29",28,0.00462579534928248,0.000307938622445208,0.0417107594210686,0.337630052703612,0.480908295955407,0.134817157948185
"30",29,0.00792507807152177,0.000119823891851599,0.0285355084778306,0.292094602821874,0.500493134979441,0.170831851757481
"31",30,0.0129456399102719,4.93961564546111e-05,0.0188307720439245,0.246986321344026,0.510110432288122,0.211077438257201
"32",31,0.0202637366183884,5.54185687606856e-05,0.0119468137764843,0.203975422035829,0.509209851331471,0.254548757669066
"33",32,0.0305126897278928,0.000141667266060564,0.00725746585785622,0.16438922740648,0.497843062350917,0.299855887390794
"34",33,0.0443413441405257,0.000357326127813638,0.00419930286073927,0.129164681717377,0.476659794805452,0.345277550348092
"35",34,0.0623585931047344,0.000802025737554033,0.00229688299976092,0.0988356955247967,0.446857447752576,0.388849354880578
"36",35,0.0850639705920389,0.00163552654438775,0.00117405677441821,0.0735553217435451,0.410084258205583,0.428486866140027
"37",36,0.112764557187958,0.00309195246591613,0.000551436761549035,0.0531525171163909,0.368296437659184,0.462143098809003
"38",37,0.145485032042636,0.00549597205824577,0.00023263143167357,0.0372166565441475,0.323580664358686,0.48798904356461
"39",38,0.182894500608543,0.00927192545218373,8.82447901068725e-05,0.0251861705490346,0.277981314191681,0.504577844408451
"40",39,0.224266219217422,0.0149397557024039,4.37831960568874e-05,0.016425184819131,0.233359298622541,0.510965758442445
"41",40,0.268472138139977,0.0230970124949252,7.22014143670597e-05,0.0102862401904415,0.191285712408876,0.506786695351412
"42",41,0.314012276179476,0.0343869232410248,0.000191092871780685,0.00615908001539724,0.152970312851897,0.492280314840424
"43",42,0.359078926799259,0.049452531557586,0.000464524117726996,0.00350550491779141,0.119224830580693,0.468273682026943
"44",43,0.401655695784167,0.0688769031338806,0.00100951348962898,0.00188029493414977,0.0904611118704266,0.436116480787747
"45",44,0.439651367311292,0.0931094008595407,0.00200715326854095,0.00093819975572773,0.0667240906196785,0.39756978818522
"46",45,0.471067054967961,0.12237895529097,0.00371802253378194,0.00042734986246832,0.0477586639097103,0.354649953435108
"47",46,0.494176493995439,0.15660641668911,0.00649728643736032,0.000173692828125361,0.0330983849127153,0.30944772513725
"48",47,0.507678023395204,0.195340859446439,0.0108000073008987,6.59293938429632e-05,0.0221511023311791,0.263964078132435
"49",48,0.51080116948539,0.237730091950667,0.0171727616122254,4.48552330247312e-05,0.0142712933209083,0.219979828397785
"50",49,0.503366788349342,0.282525997419924,0.026231324622648,9.73467064781198e-05,0.00881846436289076,0.178960078538716
"51",50,0.48580076623896,0.328124706271883,0.0386244223306608,0.000254990822080522,0.00520161952159209,0.141993494814824
"52",51,0.459101277932814,0.372641600026778,0.0549835508520873,0.000597359398967089,0.00290979608968543,0.109766415699668
"53",52,0.424759603049055,0.414021146744349,0.0758588631766584,0.00125992743624029,0.00152866761921683,0.0825717919744809
"54",53,0.384634545980636,0.450181522327152,0.101641150711546,0.00244662524790686,0.000743224777499629,0.060352930955259
"55",54,0.340784813843015,0.479189663300096,0.132472532245953,0.00444602907486328,0.000327529316916743,0.0427794322191565
"56",55,0.295289368059675,0.499436735440848,0.168163859711949,0.00764432945956665,0.000128401872994147,0.029337305454967
"57",56,0.250093252325975,0.509776515520614,0.208141342385883,0.0125265053284166,5.16156457198345e-05,0.0194107687933915
"58",57,0.206888004343561,0.509617578763045,0.251427853965687,0.0196636220921943,5.26776537624432e-05,0.0123502631817497
"59",58,0.167026899087846,0.498969044258777,0.296659071181595,0.0296861971331297,0.000132254193017348,0.00752653414563535
"60",59,0.131475023609403,0.47843987833475,0.34213444394076,0.0432436326784051,0.000336240499674489,0.0043707809370069
"61",60,0.100794183369268,0.449191755878315,0.385902997005805,0.0609497160600916,0.000760474617807927,0.00240087306871235
"62",61,0.0751626401065222,0.412845479618844,0.42588396320454,0.0833141873631569,0.00156009547086437,0.00123363423607226
"63",62,0.0544295075162015,0.371341246903438,0.460021958634295,0.110660548183495,0.00296347895725904,0.000583259805311565
"64",63,0.0381979490927759,0.32676252337465,0.486466940452926,0.143035967140728,0.00528852134826882,0.00024809859065089
"65",64,0.0259143055858837,0.281161644472424,0.503740826334303,0.180136154699109,0.00895255663457596,9.45122737036068e-05
"66",65,0.0169457007359005,0.236416230314281,0.510861690034244,0.221262658628932,0.014469259694828,4.44605918133312e-05
"67",66,0.0106437365389542,0.194120395204398,0.507421551816254,0.265314968858847,0.0224316252860659,6.77222954800134e-05
"68",67,0.00639425589837582,0.155510788676597,0.49361772683205,0.310817453862083,0.033481014420586,0.000178760310307767
"69",68,0.0036531726625844,0.121427468071254,0.470237731456861,0.355981128576588,0.0482622681292382,0.000438231103474435
"70",69,0.00196836904940718,0.0923096026461106,0.438597747579516,0.398800253859085,0.0673648886111579,0.000959138254722884
"71",70,0.000987660772397376,0.0682260083926561,0.400434646227907,0.437183766092443,0.091250288598286,0.00191762991631091
"72",71,0.000453098809905661,0.0489398075885785,0.357752747145617,0.469120360330573,0.120165814904161,0.00356817122116417
"73",72,0.00018571912733275,0.0339964208964224,0.31264330130286,0.492859239997726,0.154056338346855,0.00625898032880442
"74",73,7.02305785277998e-05,0.0228099801652927,0.267118216080303,0.50706501340358,0.192498321889208,0.0104382378830885
"75",74,4.40318721986966e-05,0.0147366358602074,0.222977233251454,0.510927526948477,0.23466789307177,0.0166466789958921
"76",75,9.08722327398899e-05,0.00913393321690701,0.181709936267251,0.504225258515148,0.279343746640621,0.0254962531273323
"77",76,0.000239156265581958,0.00540625578310049,0.144432589074568,0.48734226881521,0.324944878709115,0.0376348513524248
"78",77,0.000564893027062908,0.00303633634614483,0.111859806468629,0.46123871069046,0.369603152453527,0.0536971010141765
"79",78,0.00119928929882122,0.00160283524715993,0.0843110559793438,0.427374896368939,0.411270695342623,0.0742412277631124
"80",79,0.00234098079477804,0.000783992353510704,0.0617519748277241,0.387588950115495,0.447862100461432,0.0996720014470603
"81",80,0.00427209649873428,0.000348157491630873,0.0438683893472135,0.343931567285458,0.477427910920587,0.130151878456376
"82",81,0.00737179610383561,0.000137559368935332,0.0301563417944617,0.298485704907224,0.498331562225474,0.165517035600069
"83",82,0.0121183950457665,5.41984929600365e-05,0.0200048000906812,0.253210077891825,0.509390908507072,0.205221619971695
"84",83,0.0190776378841201,5.03033332826984e-05,0.0127646474740095,0.209817132568803,0.509973660915194,0.248316617824591
"85",84,0.0288770390724154,0.000123430685752359,0.00780373954411355,0.169685851746316,0.500046383976191,0.293463554975212
"86",85,0.0421662911145497,0.000316210241240693,0.00454802869323024,0.133809391305154,0.480177049905437,0.338983028740388
"87",86,0.0595637401076855,0.000720733358915045,0.00250875592364091,0.102777548326672,0.451491150874604,0.382938071408482
"88",87,0.0815889286716399,0.00148758604400741,0.00129571005160676,0.0767940607545607,0.415581369233822,0.423252345244363
"89",88,0.108581326248556,0.00283948042197323,0.000616600005870891,0.0557286186066935,0.374371005661705,0.457862969055202
"90",89,0.140610215650857,0.00508759180313315,0.000264433126633964,0.0391986178590288,0.329939446706578,0.484899694853768
"91",90,0.177397702993842,0.00864223290490422,0.000101267897896896,0.026658689865229,0.284346283612819,0.502853822725308
"92",91,0.218273588800132,0.0140107270269609,4.54793178303632e-05,0.0174792685247646,0.239485312077692,0.51070562425262
"93",92,0.262165034644612,0.0217813623246122,6.36547618843646e-05,0.011011260830879,0.196973303553049,0.508005383884964
"94",93,0.307621061333282,0.0325934134686145,0.000167134050419534,0.00663678480498857,0.158073608080954,0.494907998261741
"95",94,0.352871878616027,0.0470932306914178,0.000413193720860181,0.00380597481751745,0.123654588663209,0.472161133490969
"96",95,0.395923046433287,0.065876396219848,0.000910875504369068,0.00205985429516703,0.0941828871647971,0.441046940382532
"97",96,0.434684467160463,0.0894159484159383,0.00183145888448583,0.00103927593717839,0.0697515214295273,0.403277328172407
"98",97,0.467133325587151,0.117977203583643,0.00342337584906935,0.000480131329247326,0.0501422836501392,0.360843680000751
"99",98,0.491495057844987,0.151528726713161,0.00602792925583691,0.000198468534799092,0.0349128887211474,0.315836928930069
"100",99,0.506401079745495,0.189674212886054,0.0100863817740992,7.49507010237924e-05,0.0234841108512414,0.270279264042086
"101",100,0.511001868398847,0.23161812301859,0.0161335225731922,4.35485091716516e-05,0.015214064757809,0.225988872742389
"102",101,0.505033606548752,0.27616614828219,0.024777302485649,8.48757410643262e-05,0.00945855710469555,0.184479509837648
"103",102,0.488838384862126,0.321760506057798,0.0366645365568074,0.00022416905012795,0.0056175053263989,0.146894898146742
"104",103,0.463337962173542,0.366550067424155,0.0524326739808509,0.000533911936947912,0.00316742383869911,0.113977960645805
"105",104,0.42996108368447,0.408495316179995,0.072647635423286,0.00114110292934538,0.00167997763572261,0.0860748841471815
"106",105,0.390524372843055,0.445508123674378,0.0977277271653141,0.00223916437251423,0.000826606867902643,0.0631740050768362
"107",106,0.347069609546501,0.475623526803131,0.127855319655324,0.00410384893960921,0.000369865290445075,0.0449778297649895
"108",107,0.301682977859759,0.49717792597767,0.162891640383737,0.00710729627564873,0.000147320169436,0.030992839333749
"109",108,0.256336265979813,0.508953720336922,0.202318670718778,0.0117211008651817,5.71525551419036e-05,0.0206130895441639
"110",109,0.212762401608897,0.510277997039013,0.245215576601162,0.0185055606863862,4.82883598342968e-05,0.0131901757047078
"111",110,0.172365818807223,0.501074778562141,0.290269970740063,0.0280849932640369,0.000115173627702768,0.00808926499883296
"112",111,0.136167656379628,0.481870827960227,0.335824006342988,0.0411091191089065,0.000297194009289765,0.0047311961989605
"113",112,0.104785787796123,0.453755012073349,0.379955302379575,0.0582005125436021,0.000682738440447112,0.00262064676690416
"114",113,0.0784496826463724,0.418291222692959,0.420592700379288,0.0798881199148372,0.00141790702581424,0.00136036734072969
"115",114,0.0570500187573159,0.377384990466473,0.455666717978453,0.10652692606289,0.00271983231891231,0.000651514415954574
"116",115,0.0402188714400259,0.333110747431125,0.483287743326718,0.138207942582188,0.00489302408116423,0.000281671138778434
"117",116,0.0274195478076805,0.287534624940585,0.501917083589433,0.174679449931116,0.00834076340246786,0.000108530328716821
"118",117,0.0180261088045301,0.242566049251238,0.51049760527909,0.215299450751182,0.0135639433794639,4.68425344967039e-05
"119",118,0.011389015036812,0.199844074616508,0.508538026567382,0.259022898304585,0.0211459986718632,5.99868028495267e-05
"120",119,0.00688683999010031,0.16065854791511,0.496150767552064,0.304423756445691,0.0317239024452079,0.000156185651825992
"121",120,0.00396405063308969,0.1259061048132,0.474043358478586,0.349751891126423,0.0459452307000687,0.000389364248632583
"122",121,0.00215485540781489,0.0960809974604447,0.443463405916504,0.39302479343557,0.0644112939876757,0.000864653791989817
"123",122,0.0010931196461622,0.0713007536153823,0.406097117065068,0.432154133997622,0.0876063366166113,0.00174853905915453
"124",123,0.000508497505128259,0.0513662758323671,0.363922034467438,0.465106496451657,0.115813194718258,0.00328350102515148
"125",124,0.000211971443293088,0.0358480042761378,0.319027941856864,0.490084329286982,0.149023789604975,0.0058039635317473
"126",125,8.01034888614852e-05,0.0241737195068202,0.27344664723009,0.505686409940226,0.18686888007819,0.00974423975581262
"127",126,4.34036399019193e-05,0.0157037962162167,0.229014291513262,0.51102417278863,0.228581262705546,0.0156330731364431
"128",127,7.93403365413158e-05,0.00979252994851597,0.187268479431775,0.505791604428102,0.272993798033984,0.0240742478210813
"129",128,0.000209995137681582,0.00583553120743704,0.149380241914025,0.490288696906054,0.318572268336729,0.0357132664980731
"130",129,0.000504361602237864,0.00330318694980857,0.11612083002908,0.465398458909015,0.363483066894199,0.0511900956156593
"131",130,0.00108528837489854,0.00176018946558265,0.0878633404582659,0.432517484905032,0.405695718808819,0.0710779779874013
"132",131,0.00214106453051388,0.0008711345901766,0.0646191673926874,0.393440090754138,0.443120224840472,0.095808317892012
"133",132,0.00394114015241163,0.000392696273844301,0.0461079499168598,0.350198234019948,0.473777010029504,0.125582969607432
"134",133,0.00685065040097982,0.00015770925173687,0.0318470190513304,0.304880545360908,0.495976150728787,0.160287925206258
"135",134,0.0113344161280977,6.04867590717413e-05,0.0212358612251965,0.259471276383017,0.508465074662991,0.199432884841626
"136",135,0.0179471677791883,4.66265496367992e-05,0.0136270583756728,0.215723396958779,0.51053050101033,0.242125249326393
"137",136,0.0273098367291345,0.00010746107138691,0.00838329555859569,0.175066523872555,0.502053938646603,0.287078944121725
"138",137,0.0400719140046311,0.00027915184656218,0.00492043594536234,0.138549680999836,0.483520742344006,0.332658074859603
"139",138,0.0568598763929702,0.000646428056327957,0.00273666320630459,0.106818891020423,0.455982726924732,0.376955414399242
"140",139,0.0782116799372627,0.00135096932993656,0.00142769128049763,0.0801295986655231,0.420974339369361,0.417905721417419
"141",140,0.1044973738327,0.00260441254237036,0.00068806172804385,0.0583938724841553,0.38038247723769,0.45343380217504
"142",141,0.135829303385925,0.00470466122539213,0.000299850059905949,0.0412589164667864,0.336275734505495,0.481631534356495
"143",142,0.171981690143239,0.0080479592660129,0.000116319371279142,0.0281971034204875,0.290726054993389,0.500930872805592
"144",143,0.212340676284384,0.0131286957126658,4.85544582137815e-05,0.0185864429988608,0.245657938549036,0.51023769199684
"145",144,0.255889114852729,0.0205253096144825,5.67074920919964e-05,0.0117772028159024,0.202732335934116,0.509019329290678
"146",145,0.301226191519382,0.0308722622470046,0.000145887898625958,0.00714459694630254,0.163265375245184,0.4973456861435
"147",146,0.346621877881202,0.0448180767243298,0.000366696441377878,0.00412754181217861,0.128181919868462,0.475883887272449
"148",147,0.39010621629273,0.0629694449976926,0.000820403509801744,0.0022534794562443,0.09800395796853,0.445846497775002
"149",148,0.429593436188302,0.0858214022667193,0.0016687716018109,0.00114926821140877,0.0728738234846948,0.408893298247064
"150",149,0.463040428570451,0.113673852797691,0.003148413812554,0.0005382489551242,0.0526119646407028,0.366987091223477
"151",150,0.48862744872107,0.146541725114932,0.00558691577087698,0.000226259507003836,0.0368019820016673,0.32221566888445
"152",151,0.504921205754774,0.184082661393663,0.00941161442220276,8.57037709787728e-05,0.0248790312498881,0.276619783408493
"153",152,0.510994433802738,0.22555778418135,0.0151451124665728,4.3596813249477e-05,0.016206047552514,0.232053025183575
"154",153,0.506499038233913,0.26982728440341,0.0233868640877186,7.42502401640545e-05,0.0101360475652019,0.190076515469593
"155",154,0.491692799831022,0.315380840902828,0.0347808280685673,0.000196601780618253,0.00606049882221049,0.151888430594755
"156",155,0.467419636921346,0.360402871513689,0.0499691882931832,0.0004761890729772,0.00344375651292917,0.118288357685876
"157",156,0.435043425462291,0.40287261566862,0.0695321416351432,0.00103176765651887,0.00184356764484127,0.0896764819325857
"158",157,0.396335381378925,0.440699044242953,0.093913755810663,0.00204657218518378,0.000917643575137971,0.0660876028071371
"159",158,0.353316731214261,0.471888870574846,0.123334932832933,0.00378382633545594,0.000416695439157269,0.0472589436033469
"160",159,0.308077759980559,0.494726573773072,0.157706131400633,0.00660168109105407,0.000168752792969306,0.0327191009617126
"161",160,0.262614560868683,0.50792510965546,0.196564643014839,0.0109581357685403,6.42111060007292e-05,0.0218733395864773
"162",161,0.218699694771765,0.510731101361711,0.23904614659809,0.0174022371081282,4.53127794162209e-05,0.0140755073808884
"163",162,0.177787680723196,0.502983588540597,0.283891094275608,0.0265513458925489,0.000100272227398504,0.00868601834065132
"164",163,0.140955317868515,0.485126334491941,0.329485928690423,0.039054470952352,0.000262045162950081,0.0051159028338179
"165",164,0.108876838971223,0.458173691263387,0.373939131852422,0.0555416705576414,0.000611742088216714,0.00285692526711012
"166",165,0.0818338954524987,0.423630022701946,0.415192105521299,0.0765595211962455,0.00128668598933263,0.00149776913867821
"167",166,0.0597603403053001,0.383362741559557,0.451164827024199,0.102492687397863,0.00249310141310546,0.000726302299975745
"168",167,0.0423189574830093,0.339433712985702,0.479931528174996,0.133474444004,0.00452234867799164,0.000319008674300747
"169",168,0.028991580199736,0.293919953678562,0.49989546802373,0.169304708446606,0.00776363367158876,0.000124655979776368
"170",169,0.0191604932618914,0.248760468162035,0.509925957968877,0.20939768791578,0.0127047723278348,5.06203635812774e-05
"171",170,0.0121760294648824,0.205637705465508,0.509449155955554,0.252764231382712,0.0199190707491884,5.38069821553817e-05
"172",171,0.00741023337636005,0.165893847337363,0.498492418628697,0.298029013156408,0.0300382727152901,0.000136214785881568
"173",172,0.00429659250590317,0.130481927992381,0.47768221144103,0.343482547974339,0.0437115745780573,0.000345145508289181
"174",173,0.00235583586113638,0.0999517853930617,0.448195576715814,0.387168037626993,0.0615507075432158,0.000778056859779239
"175",174,0.00120779989193452,0.0744708440605293,0.411665159671595,0.427003049109122,0.0840610873425988,0.0015920599242201
"176",175,0.000569438852934066,0.0538795272106761,0.370038129416189,0.460935687290461,0.111559233501547,0.00301798372819256
"177",176,0.000241365656917698,0.037775034775075,0.325399433977362,0.487124823038435,0.144082721641892,0.00537662091031829
"178",177,9.17674852922498e-05,0.0256002711078243,0.279798083034918,0.504105683128156,0.181315885019359,0.00908831022445149
"179",178,4.41286307417891e-05,0.0167210371312372,0.235104600432692,0.510912659861214,0.222548150542462,0.0146694234016519
"180",179,6.95907807893619e-05,0.01048930762245,0.192903278633649,0.507155708230064,0.266667188570842,0.0227149261622056
"181",180,0.000183957505880474,0.00629257588646638,0.154419264708885,0.493050301037183,0.312186894247504,0.0338670066140809
"182",181,0.000449342951988305,0.00358926581563478,0.120480477860557,0.469400941969025,0.357310200364976,0.0487697710378188
"183",182,0.000980464737740662,0.00193021133556188,0.091514358478712,0.437538236624749,0.400026721765379,0.0680100070578577
"184",183,0.00195558060206444,0.000966203691464561,0.0675794475402758,0.399209523486,0.438245229288139,0.0920440153920556
"185",184,0.00363176613598938,0.000441909241319124,0.0484310018510018,0.35642438899306,0.469959629100033,0.121111304678597
"186",185,0.00636021317130648,0.000180478183112465,0.0336093040087055,0.311273968596824,0.493429545538092,0.155146490501959
"187",186,0.0105920563654996,6.83366767765588e-05,0.0225257493787607,0.265765563301645,0.507333977950346,0.193714316326972
"188",187,0.0168705473600056,4.43429837511568e-05,0.0145357359466253,0.221690861924434,0.510879741308996,0.235978770476188
"189",188,0.0258092966820294,9.35874539472674e-05,0.00899762249424503,0.180528993325271,0.503863466340784,0.280707033703723
"190",189,0.0380565830327954,0.000245836717232376,0.00531775416289154,0.143384410171924,0.486687157612136,0.326308258303021
"191",190,0.0542457299622318,0.000578622079437397,0.00298155540243541,0.110959604238285,0.460327309569098,0.370907178748513
"192",191,0.0749315499300913,0.00122497212288537,0.00157069030705399,0.0835626532367192,0.426257580532042,0.412452553871208
"193",192,0.100512876343264,0.00238578166772431,0.000766298181091522,0.0611495785945645,0.386325058961434,0.448860406251922
"194",193,0.131143500921861,0.00434593429308338,0.000339187136052603,0.043399196822215,0.342583984248926,0.478188196577862
"195",194,0.166648779835936,0.00748760186876589,0.00013356226801519,0.0298032010309057,0.297115694436925,0.498811160559452
"196",195,0.206470898810862,0.0122919629268136,5.30465861290545e-05,0.0197484824022016,0.251873117863285,0.509562491410709
"197",196,0.249648786945072,0.0193270580658045,5.12764993368191e-05,0.0125857018654579,0.208559791637355,0.509827384986974
"198",197,0.294832862059419,0.0292217127424639,0.000127141506739184,0.00768392916401826,0.1685437116461,0.49959064288126
"199",198,0.340334607580444,0.0426255274497089,0.000324668092481884,0.00447134930784769,0.13280601409414,0.479437833475378
"200",199,0.384210980957558,0.0601549352811291,0.000737547825164375,0.00246203641260031,0.101924488577692,0.450510010945856
"201",200,0.424383653613597,0.0823253268822281,0.00151830966164573,0.00126879492524656,0.0760919226921076,0.414411992225175
"202",201,0.458792847421895,0.10946938379253,0.00289208273939867,0.000602121952108711,0.0551691371688894,0.373074426925178
"203",202,0.485576871464859,0.141646957925577,0.00517291622997493,0.000257324116741547,0.038767373795166,0.328578556467682
"204",203,0.503240072090223,0.17856886937709,0.00877413351442532,9.83116868149455e-05,0.0263376639253451,0.282980949406101
"205",204,0.510778874116101,0.219552815850648,0.0142057899037867,4.50007468860288e-05,0.0172489842956085,0.23816853508697
"206",205,0.507761428938531,0.263514084248641,0.0220582089340525,6.53483876443922e-05,0.0108525095934702,0.195748419897661
"207",206,0.49436082059381,0.308991093797137,0.0329715860475778,0.000172032099679064,0.00653193241376986,0.156972535048027
"208",207,0.471341829775604,0.354205770704668,0.0475916596609196,0.000423773371767202,0.00373985060110019,0.122697115885941
"209",208,0.440001255806845,0.397158754354927,0.0665114496191115,0.000931305493684517,0.00202022197866969,0.0933770127467621
"210",209,0.402061797385503,0.435759434214278,0.0901990635278288,0.0018679853763163,0.00101688665082117,0.0690948328452531
"211",210,0.359520492819739,0.467989816738586,0.118912171392752,0.0034848206540947,0.000468385614180504,0.0496243127806473
"212",211,0.314468512582104,0.492085429449704,0.152609224263912,0.00612607370870118,0.000192914038496845,0.0345178459570826
"213",212,0.268923719771854,0.506691846592519,0.190882266238485,0.0102359761936667,7.28756375414609e-05,0.0231933155659337
"214",213,0.224696456085609,0.510976378772374,0.232923614382148,0.0163518780369701,4.37141529652924e-05,0.0150079585699338
"215",214,0.183290155840585,0.504693324028596,0.277527368095543,0.025083464625803,8.73882469459108e-05,0.0093182991625268
"216",215,0.14583679153174,0.488202776862812,0.323125750014667,0.0370780413777699,0.000230490599356216,0.0055261496136555
"217",216,0.113067150922839,0.462442995222039,0.36786027844516,0.0529718856985234,0.000547011209454871,0.00311067850198408
"218",217,0.0853159456714227,0.42885632543657,0.40968777133052,0.0733276663258332,0.00116574490209846,0.00164654633355551
"219",218,0.0625617394335746,0.389268705202837,0.446521161664012,0.098557942114217,0.00228233844642748,0.000808113138931564
"220",219,0.0444998344832471,0.345725846219977,0.476402022735586,0.128836601225348,0.00417526834789565,0.000360426987946188
"221",220,0.0306321880877893,0.300312644410697,0.497678255283182,0.164014169482617,0.00721968121521414,0.000143061520500323
"222",221,0.0203506338051511,0.254995359117323,0.509147395157555,0.203560712724362,0.0118900586700137,5.58405255954749e-05
"223",222,0.0130064284300605,0.211498193394193,0.510153909379442,0.246543312428474,0.0187490480286709,4.91083391597737e-05
"224",223,0.00796586634317143,0.171214705806405,0.50064005017908,0.291638372854378,0.028422360376868,0.000118644440096679
"225",224,0.00465196124664661,0.135154053762478,0.4811502669905,0.337178759718932,0.0415597360305877,0.000305222250855414
"226",225,0.00257219528617463,0.103922068380925,0.452789176400604,0.38123577040623,0.0587819773835431,0.000698812142523135
"227",226,0.00133233555942343,0.0777371608907371,0.41713309005303,0.421735935711326,0.0806140491410449,0.00144742864443763
"228",227,0.000636354610326083,0.0564809644923624,0.376095260629173,0.456612492995491,0.107404342013723,0.00277058525892412
"229",228,0.000274170419372404,0.0397792084649725,0.331752351263345,0.483984025396022,0.139234603085305,0.00497564137098278
"230",229,0.000105354556320445,0.0270914342706815,0.286167778807665,0.502324616675024,0.175841923103796,0.00846889258651286
"231",230,4.62158700276834e-05,0.0177901092971307,0.241244338210981,0.510593114442858,0.216572225054629,0.0137539971243737
"232",231,6.15105833797218e-05,0.0112258547099961,0.198611580559207,0.508316029208857,0.260368537544255,0.021416487394305
"233",232,0.000160796592740726,0.00677874069193146,0.159548022649593,0.495623991386818,0.305794099717636,0.0320943489612809
"234",233,0.0003994319719256,0.00389564906794503,0.124938188098894,0.473241766255281,0.351090297709653,0.0464346668963006
"235",234,0.00088421768069389,0.00211370331721211,0.0952644799854609,0.442431826872593,0.394269432630428,0.065036339513612
"236",235,0.00178368441156677,0.00106976603752052,0.0706338848514638,0.404891485236368,0.433242319794938,0.0883788596681426
"237",236,0.00334285344495384,0.000496173992362966,0.0508390614739819,0.362604326006159,0.465979974878121,0.116737610204421
"238",237,0.00589909203741157,0.000206090215854204,0.0354449432826003,0.317660727993247,0.490694601791552,0.150094544679335
"239",238,0.00988969527252992,7.78412459766156e-05,0.0238762632384525,0.272088458725992,0.505998896973263,0.188068844543786
"240",239,0.015846009529035,4.34243315663006e-05,0.0154923909554973,0.227716025789436,0.511020986391996,0.229881163002469
"241",240,0.0243736249485038,8.165723064352e-05,0.00964824144282125,0.18607085264116,0.505472927563903,0.274352696172968
"242",241,0.0361186352895138,0.000215972213264873,0.00574125123337631,0.14831228596106,0.489672769524027,0.319939085778758
"243",242,0.0517199651682275,0.000516854268897207,0.00324442189915167,0.115199434535033,0.464520170752557,0.364799153376134
"244",243,0.0717477646854113,0.00110892351831326,0.00172543095278079,0.0870938396725783,0.431425575055874,0.406898466115042
"245",244,0.0966278781359852,0.00218265927911567,0.0008518126864766,0.0639969704622145,0.392192956562538,0.44414772287367
"246",245,0.126553862661681,0.00401020355228719,0.000382771180896785,0.045621068004135,0.348858593601845,0.474573500999154
"247",246,0.161401132737144,0.00695969120964206,0.000153178204064712,0.0314787627297716,0.303510164615513,0.496497070503865
"248",247,0.200667523944158,0.011498852232772,5.90106497521004e-05,0.020967171353576,0.258126655193636,0.508680786626105
"249",248,0.243448330445067,0.0181848176564171,4.7295862393228e-05,0.0134384190459597,0.214452500253357,0.510428636736806
"250",249,0.288446173917381,0.0276399929259757,0.000110701138817109,0.00825622906539174,0.173906557630235,0.5016403453222
"251",250,0.334015704022301,0.0405139986414485,0.000286767434501407,0.00483857977693012,0.137525913203534,0.482819036921285
"252",251,0.37824313040715,0.057431678687818,0.000661787274348086,0.00268642905718938,0.105944517555426,0.455032457018068
"253",252,0.419060586241726,0.0789271757518623,0.00137932686798079,0.00139850608574204,0.0794066541640998,0.419827750888589
"254",253,0.454395217014303,0.105364137989955,0.00265336813830637,0.000672194814212751,0.0578151753662379,0.379099906676985
"255",254,0.482346728227344,0.136845816662829,0.0047846383524919,0.000291941423913459,0.0408107462728757,0.334920129060546
"256",255,0.501359574828696,0.17313534503583,0.00817239771782336,0.000112915409553397,0.0278618063401176,0.28935796066798
"257",256,0.510355433426317,0.21360681391583,0.0133138314677144,4.77777637555486e-05,0.0183446332235417,0.244331510202841
"258",257,0.508819352282158,0.257231106827438,0.0207895367225761,5.80659776688313e-05,0.011609545913657,0.201492392276502
"259",258,0.496839459260824,0.302596566723118,0.031235076737121,0.000150223246102013,0.00703317525779528,0.16214549877504
"260",259,0.475100227733013,0.347964494227228,0.0452986025341025,0.000376271877179363,0.00405680186843848,0.127203601760039
"261",260,0.444829300433748,0.391359477413965,0.0635845419244888,0.00083913090651804,0.00221076141798005,0.0971767879033
"262",261,0.407697871357673,0.430694553036936,0.0865833559634454,0.00170257789711818,0.00112491733873064,0.0721967244060966
"263",262,0.365675169965455,0.463930654936322,0.114587689406546,0.00320573051947232,0.000525325333660826,0.0520754298385441
"264",263,0.320849945765814,0.489257451559106,0.147602654004924,0.0056790997828613,0.000220037826913878,0.03639081106038
"265",264,0.275259201103197,0.505255324762363,0.185274393337374,0.0095530154138323,8.32478580929518e-05,0.02457481752514
"266",265,0.230749110512563,0.51101355153812,0.226851892196289,0.0153527231849506,4.34726172311254e-05,0.0159892499508462
"267",266,0.188870758327874,0.506202056973213,0.271183609539385,0.0236795526654638,7.63781488053254e-05,0.00998764434525851
"268",267,0.150810707824491,0.49109672516394,0.316748942975333,0.0351781523584013,0.000202248260271981,0.00596322341756226
"269",268,0.117356401895493,0.466558268085477,0.361724524783308,0.0504897922241079,0.000488097635124415,0.00338291537648954
"270",269,0.0888963952618985,0.433964652416092,0.404085349466449,0.0701917335902126,0.00105442915047196,0.00180744011487581
"271",270,0.0654554147274336,0.395097090131755,0.441740727023616,0.0947226699374036,0.00208663406985664,0.000897464109935356
"272",271,0.0467630923343183,0.351981518110357,0.472703136700228,0.124295393704534,0.00385059505663073,0.000406264093932422
"273",272,0.0323431453974696,0.306707610116535,0.495267937847195,0.158809915135657,0.00670745352309703,0.000163937980046142
"274",273,0.0215983193468449,0.261266461284239,0.508162797770809,0.197791717239266,0.0111181378600664,6.25664987747827e-05
"275",274,0.0138818850177367,0.217422292364008,0.510651489306605,0.240364355219938,0.0176341446000945,4.58334916172545e-05
"276",275,0.00855520356581917,0.176618985106979,0.502591246745207,0.285256887205565,0.026874387057941,0.00010329031848877
"277",276,0.00503135876863059,0.139921449182793,0.484443679712953,0.330846136508501,0.0394881113574635,0.000269264469658236
"278",277,0.00280485671348912,0.107991820631425,0.457239245007304,0.375233785420628,0.0561038798449461,0.00062641238220738
"279",278,0.00146739287184447,0.0811004918489197,0.422495276387037,0.416358300542324,0.0772646218888633,0.00131391646101161
"280",279,0.000709702204711839,0.0591719320398477,0.382087640762549,0.452141621200017,0.103348793133279,0.00254031065959463
"281",280,0.00031067533323648,0.0418621926720888,0.338081196560249,0.480665435178359,0.134480748669257,0.00459975158680912
"282",281,0.000121014706986406,0.0286490038608905,0.292550877716129,0.500345218311898,0.17044942419735,0.00788446120674578
"283",282,4.96912488531055e-05,0.0189127779251312,0.247429542893633,0.510065898341159,0.210657008938233,0.0128850806529909
"284",283,5.50042613539663e-05,0.01200378780571,0.204390477109288,0.509271255849661,0.254102342601548,0.0201771323724386
"285",284,0.00014028553744967,0.00729541287038803,0.164764724892212,0.498006883155742,0.299399143888663,0.030393549655545
"286",285,0.000354247675883323,0.00422345210506485,0.129493254977548,0.476916701159166,0.344829070529321,0.044183273553017
"287",286,0.00079597660104132,0.00231150469149004,0.099113956533796,0.447193034142514,0.388429610852223,0.0621559171789352
"288",287,0.00162456828351645,0.00118241797522856,0.0737834669140426,0.410480242544073,0.4281168068728,0.0848124974103394
"289",288,0.00307332034326453,0.000555892141989361,0.0533335964710379,0.368732304468932,0.461842418131468,0.112462468443308
"290",289,0.00546593088412609,0.000234789253545474,0.0373556628516492,0.324035491912434,0.487774380308233,0.145133744790013
"291",290,0.00922574026739027,8.91109355683286e-05,0.0252892035033448,0.278435360474873,0.504461339834738,0.182499244984085
"292",291,0.0148718013814397,4.38591603376504e-05,0.0164987534799333,0.233795240755412,0.510954076315796,0.223836268907082
"293",292,0.0230010226753647,7.15358564388561e-05,0.0103367047497657,0.191689537753187,0.506880506432413,0.268020692532831
"294",293,0.0342563785790114,0.000189286722982187,0.00619223289037135,0.153331861802344,0.492474245799598,0.313555994205693
"295",294,0.049281187309466,0.000460689248343578,0.00352629116952958,0.11953799104097,0.468556728778954,0.358637112452736
"296",295,0.0686594560639725,0.00100218493342726,0.00189267201277566,0.0907236654139481,0.436472886246055,0.401249135329821
"297",296,0.0928422952785956,0.0019941550797132,0.000945136497078552,0.0669372105304141,0.397980384111446,0.439300818502753
"298",297,0.122061293623211,0.00369630045805739,0.000430951554722361,0.0479260997052307,0.355093908712922,0.470791445945856
"299",298,0.156240752410574,0.0064627920286262,0.000175367717010224,0.0332255555067341,0.309904330208664,0.493991202128392
"300",299,0.194933667811935,0.0107477114195944,6.65186901611351e-05,0.0222443024182774,0.264414224625336,0.507593575034696
"301",300,0.237291892484667,0.0170968072196714,4.4716708334976e-05,0.0143370390081177,0.220407140570262,0.510822404008947
"302",301,0.282071128092122,0.0261253189015099,9.63918467316508e-05,0.00886297812741227,0.17935169640805,0.503492486624174
"303",302,0.327670749357406,0.0384818681315496,0.000252675539211958,0.00523045449464983,0.142340508971133,0.486023743506049
"304",303,0.372208459651069,0.0547984174662955,0.000592628300440197,0.00292759966651671,0.110063953804218,0.45940894111146
"305",304,0.4136297781127,0.0756262964350306,0.0012511116525485,0.0015390843951976,0.0828187569426564,0.425134972461867
"306",305,0.449852315733816,0.10135832055254,0.0024312945254369,0.000748938102997321,0.0605513926811399,0.38505773840407
"307",306,0.478940613111629,0.13213953963609,0.00442082789290169,0.000330411712090606,0.0429337509585008,0.341234856688788
"308",307,0.499281832596776,0.167784439792809,0.00760489740986908,0.000129674064123313,0.02945324999245,0.295745906143973
"309",308,0.509724591126943,0.207723227302317,0.0124675337746026,5.19622057962864e-05,0.0194947659394168,0.250537919650925
"310",309,0.509671612105784,0.25098278737896,0.019579050155178,5.23162011383904e-05,0.0124087865951339,0.207305447563805
"311",310,0.499125935237921,0.296202474467183,0.0295695470026866,0.000130958148007382,0.00756563248242887,0.167405452661774
"312",311,0.478690684318707,0.341684734070814,0.0430884842508737,0.000333315399112522,0.00439574532544999,0.131807036635043
"313",312,0.449522392978789,0.385480556116269,0.0607503209022117,0.000754687987558917,0.00241604391032716,0.101075998104844
"314",313,0.413237888385343,0.425509759847767,0.0830662220015442,0.00154956025648072,0.00124234733270042,0.0753942221761652
"315",314,0.371775007907065,0.459715835247481,0.110361998001555,0.00294549383399987,0.00058792849087942,0.0546137365190193
"316",315,0.327216687725256,0.486245801998306,0.142687999909449,0.00525942161469642,0.000250378163447959,0.038339710588845
"317",316,0.281616343188609,0.503617166191599,0.179743722093428,0.00890767536527263,9.54470536311074e-05,0.0260196461074599
"318",317,0.236853938127552,0.510842577564085,0.220834751078457,0.0144030275907933,4.45851640427545e-05,0.0170211204750697
"319",318,0.194526846047983,0.507508084344039,0.264864522083242,0.0223378098512494,6.7116312066481e-05,0.0106956213614196
"320",319,0.155875542858925,0.493804946052268,0.310360907091112,0.0333530984645559,0.00017705684975817,0.00642844868338046
"321",320,0.121744131134088,0.470515004257862,0.355537634454825,0.0480939675959856,0.000434578588270356,0.00367468396896972
"322",321,0.0925756959073522,0.438949611288734,0.398390540035273,0.0671508097340364,0.0009521159267983,0.00198122710780672
"323",322,0.0684424912721009,0.400842118113702,0.436828648657358,0.0909867242827885,0.00190511690793181,0.000994900766119329
"324",323,0.049110279499246,0.35819505187139,0.468838955407727,0.119851652555923,0.00354717980506194,0.000456880860651999
"325",324,0.0341262113410111,0.313099668600844,0.492667221219502,0.153693870505325,0.00622553282929826,0.00018749550401977
"326",325,0.0229053454509218,0.267569384623094,0.506973279294742,0.192093741253837,0.0103873704532106,7.08789241943955e-05
